  100        0.000038
       120        0.000030
       144        0.000008
       172        0.000008
       206        0.000022
       247        0.000021
       296        0.000044
       355        0.000025
       426        0.000040
       511        0.000037
       613        0.000034
       735        0.000043
       882        0.000085
      1058        0.000093
      1269        0.000111
      1522        0.000099
      1826        0.000105
      2191        0.000201
      2629        0.000233
      3154        0.000188
      3784        0.000194
      4540        0.000256
      5448        0.000291
      6537        0.000487
      7844        0.000613
      9412        0.000545
     11294        0.000633
     13552        0.000857
     16262        0.000883
     19514        0.001256
     23416        0.001284
     28099        0.005212
     33718        0.001924
     40461        0.002265
     48553        0.002626
     58263        0.003362
     69915        0.004045
     83898        0.006360
    100677        0.005994
    120812        0.006715
    144974        0.052421
    173968        0.010552
    208761        0.016932
    250513        0.031057
    300615        0.028710
    360738        0.022267
    432885        0.027905
    519462        0.030852
    623354        0.037058
    748024        0.044710
    897628        0.059917
   1077153        0.060387
   1292583        0.071522
   1551099        0.087505
   1861318        0.102184
   2233581        0.126799
   2680297        0.145584
   3216356        0.180010
   3859627        0.211972
   4631552        0.260966
   5557862        0.315404
   6669434        0.353900
   8003321        0.538620
   9603986        0.545099
  11524784        0.661688
  13829741        0.772431
  16595690        0.941028
  19914828        1.484904